8795  199.010347  27.509177
41419  282.523434  33.227825
12248  199.697282  27.727766
13612  136.475606  32.260364
42861  282.592099  33.252870
23477  109.397915  44.904773
14693  198.562395  28.056571
14694  198.562783  28.055002
15703  199.989127  27.995557
22711  334.019113  16.350686
20564  137.460374  32.484991
24828  333.070945  16.244264
49787  282.890647  33.376267
1213  109.722505  74.341298
3997  198.808363  54.963327
5255  107.976140  74.605640
57772  282.164881  33.518108
61359  282.654189  33.578575
1246  27.561786  1.256867
3660  233.825553  50.831762
10973  198.945805  55.282226
14200  106.769578  75.100177
13514  196.686066  55.389976
4679  122.688178  38.356937
13228  105.597975  60.927607
68634  282.947603  33.711679
7904  26.423449  2.571972
11289  234.350925  51.230019
17824  198.765671  55.590788
8789  121.972128  38.608895
18621  196.662948  55.624686
72173  281.483427  33.884441
20618  198.471974  56.164286
14791  233.398129  51.401976
12115  121.464375  39.346832
20905  107.931664  61.255881
77180  281.585369  33.790277
78581  282.345652  33.762306
16316  121.499650  39.053256
17526  26.418772  1.944525
16650  121.029612  39.071621
26345  107.423669  61.473277
22459  232.196020  51.906971
3581  39.168527  5.568525
8004  138.473021  31.665902
9214  137.638995  31.755552
8613  33.080029  30.825360
19544  39.119260  6.536183
7055  125.860820  30.161881
12689  227.681000  30.484103
3421  331.962135  13.868268
12833  332.036638  14.350644
19  132.033343  38.071907
1039  132.183152  38.132706
20156  332.763350  14.612846
3276  131.966061  38.272102
23734  332.618561  14.920842
17841  2.190549  3.440060
16138  131.488909  39.086715
16734  133.008124  39.045958
17271  133.317561  39.010235
4839  182.108039  55.119490
21706  193.632753  75.590655
22111  132.759297  39.353887
29241  104.987831  44.706697
8910  182.117566  55.423945
2802  189.361614  60.549520
12408  109.335251  41.402390
12514  109.341636  41.424350
36228  105.693493  44.817086
8578  131.724912  31.549452
6115  1.644307  7.562759
19220  109.870523  41.778890
19959  110.362671  42.275567
20033  110.364358  42.274465
9375  1.539427  7.250986
448  132.301353  32.539684
15855  190.977934  61.369864
16898  189.510694  61.301370
19133  132.562455  32.036113
17567  190.355548  61.272269
19643  132.176420  32.013888
20041  192.044685  61.753679
22667  131.731751  32.386270
8018  132.559351  33.356752
9985  131.833769  33.929705
10046  131.833818  33.929646
2  333.292812  31.774004
12473  132.819403  33.701890
14052  132.631482  30.816292
15657  133.085805  33.441708
16856  132.469377  33.292340
9925  1.052466  3.195118
16343  1.047196  3.428663
18426  1.042211  3.439517
28081  332.838755  32.649029
10700  112.989235  38.585939
7875  279.848323  74.676481
13683  276.368526  74.982993
22534  330.004494  14.637259
10904  183.283139  56.136649
23195  112.063388  39.329435
13835  183.624448  55.891350
6889  280.303616  48.019625
14744  182.426587  55.822858
27458  330.567350  14.913877
4709  113.491896  41.130655
24755  280.029561  75.411072
19928  32.694285  6.750174
31739  331.130687  15.032174
8580  122.866840  30.210883
12687  123.984953  30.440105
1140  282.806213  29.731077
16800  282.366142  59.510246
1985  283.364969  29.738880
9850  4.582164  1.816070
6693  187.055700  44.117163
6767  282.951890  29.802749
9595  186.436217  44.346494
15708  4.813630  2.156538
8753  283.237497  29.832055
11296  187.129633  44.967273
14035  187.005284  44.396427
16464  275.281730  39.870030
18544  186.808520  44.423383
16689  284.282419  29.930564
32576  281.437476  60.045449
26389  261.209565  33.255253
25558  283.067252  30.045307
28290  283.095132  30.083227
47820  280.025419  49.000803
16926  26.114987  1.979586
3931  40.900786  5.629952
4267  41.369180  5.654168
38773  282.941847  30.220100
40793  283.251292  30.247278
13  121.894452  74.274734
29  120.781745  74.268535
52  120.620718  74.269370
204  125.483601  74.262306
45921  260.100116  33.750542
9126  40.477561  5.949536
47388  260.953168  33.708564
44976  274.348852  40.524979
46425  274.303193  40.547101
49782  261.315963  33.931412
46031  284.107427  30.312866
5396  123.084587  74.603743
47871  284.043022  30.337159
15847  40.756180  6.214441
3629  264.253398  31.219917
55609  283.108126  30.437261
5328  264.643887  31.275074
8027  254.566066  38.431342
25  343.000121  12.292069
7795  209.419401  44.242823
6  128.176267  29.713430
17  128.023280  29.714118
768  128.916594  29.779926
59817  283.682684  30.492293
12209  264.278488  31.467741
11884  234.112993  44.873639
64916  284.248124  30.551779
12842  234.887033  44.776566
66234  282.939822  30.568816
15815  209.494192  44.665635
17617  254.259032  38.877502
16571  209.856164  44.616909
19639  253.861308  38.968526
20758  253.363537  39.006114
20765  253.910712  39.022582
70676  284.306167  30.627701
12906  128.576786  30.924576
13825  343.685350  13.129978
72857  282.814285  30.657060
74459  283.902534  30.679622
9  334.418520  31.779117
75405  284.261541  30.691788
75648  282.866396  30.691872
13691  24.178452  2.278931
13818  24.725123  2.268954
31231  265.364315  32.002699
33613  264.841475  32.071588
84496  283.479710  30.812393
86350  284.288536  30.836315
88005  283.492596  30.859516
94269  283.727189  30.888478
95148  283.813449  30.779661
10405  2.883121  7.371522
17  20.447160  1.151631
1596  19.463650  1.315551
99194  283.749580  30.879280
100198  283.428523  31.012867
3531  20.189904  2.575947
100648  284.147725  31.136972
101183  283.252169  31.043039
5501  20.346568  1.988164
103094  283.963061  31.087193
105671  284.101345  31.057472
31605  333.520864  32.766643
1188  212.615548  43.711933
11855  20.879276  2.378918
12050  20.123882  2.356502
2154  213.687969  43.779955
12685  19.884317  2.293925
13093  20.450477  2.238888
1300  265.099042  74.359854
5852  214.563936  43.998390
38916  333.389968  32.930769
6226  264.192428  74.684617
930  221.494456  49.280668
12829  265.378377  60.887676
10824  266.846673  75.673849
11705  265.018310  75.558063
4714  220.303213  49.530769
15931  213.061151  44.684571
16549  213.782834  44.649580
17484  214.246079  44.594716
9128  5.259375  3.847795
20073  269.021040  75.680184
4442  225.630843  48.124313
4537  225.117611  48.126562
1603  210.638319  32.604866
4760  136.347459  55.137499
11581  226.496985  49.242908
11335  194.914579  38.586163
13114  210.956420  33.720709
17680  210.740955  33.503176
18803  193.379354  38.937882
19682  210.816783  33.291661
19740  193.506576  39.471705
20878  193.329637  39.366676
22045  194.053845  39.312632
12  279.168324  39.469288
5375  16.419033  2.909669
7252  16.260132  3.041842
8481  16.062942  3.138753
7836  216.368672  44.209354
10036  215.962908  45.064838
6398  245.870707  48.083090
18459  16.373414  3.283745
24852  279.787184  75.434631
1431  201.326662  54.834043
1  19.910309  40.131218
143  6.079983  6.719608
3834  200.177849  54.942680
30058  285.193602  75.670769
4452  6.313463  7.002008
23  247.777879  60.342906
30  277.395700  32.500866
41  277.310981  32.501444
95  277.480596  32.500375
106  276.992240  32.503699
270  277.112994  32.502700
11317  200.345303  55.208158
2503  276.447702  32.552031
10948  137.320989  33.893631
11770  137.886261  33.816479
10716  6.651578  7.389415
9255  276.860760  32.697905
10222  342.059280  32.200433
13440  342.933803  32.326898
26112  200.711630  55.883223
27873  201.436622  55.794316
22358  276.446068  32.971751
1694  330.356156  19.335066
31180  341.625883  33.155203
6725  331.040568  19.580674
6935  8.315569  3.885169
9679  331.400934  19.729501
12726  7.730011  3.744976
13037  8.241860  3.718324
16079  7.157690  3.467617
21662  330.464234  20.589956
21758  330.170480  20.579890
22484  276.711365  42.876089
22822  276.711801  42.876025
23178  330.658318  20.509154
23637  330.606647  20.484056
26939  276.341100  43.093575
59809  277.760768  33.921392
13928  272.759124  75.446945
7353  15.733396  7.479711
18493  134.459569  30.555076
9176  138.686440  38.631972
21259  271.888647  75.610604
21757  270.574420  75.576497
4672  12.908688  2.951503
18087  138.550577  38.957097
1628  203.178979  54.864593
541  11.121974  -1.566434
2978  10.747983  -1.290177
15822  239.915053  48.628333
6315  10.000133  -0.862974
10311  202.159155  55.295224
8606  10.336519  -1.087910
10979  202.956709  55.330608
12828  10.485646  -0.492171
9931  271.005352  60.842951
17117  203.661924  55.631804
22874  203.189702  56.048355
3655  344.723624  31.956713
23693  203.697823  56.006372
24602  203.835080  55.933906
1764  331.942201  17.934124
29  126.146420  29.716522
6769  276.369340  39.654592
23034  268.926023  61.629284
15413  152.996462  32.125101
24776  268.736670  61.543190
5887  5.337145  7.070604
27991  268.811582  61.396250
20  263.430973  74.262771
942  264.350242  74.311725
1098  264.353412  74.314110
19859  277.170836  40.014181
13367  126.487243  30.794105
15605  331.672149  18.501928
17664  5.162573  7.656064
24067  346.171222  33.037175
3683  39.708783  27.795578
4015  39.959530  27.817475
28644  346.212979  32.812727
2701  153.615778  38.318384
2841  153.506969  38.332322
4431  153.201558  38.465624
31007  276.100151  40.306021
8305  12.388581  3.308407
9438  12.310604  3.218938
26663  331.516399  18.986824
12795  40.648356  28.279190
18510  262.346019  75.206288
12744  12.049579  3.737573
36045  277.284156  40.444790
9754  152.952018  38.765509
20021  261.255869  75.702519
20415  264.418048  75.671115
20691  264.666486  75.635104
32955  332.972474  19.144429
16267  11.489693  3.466798
16791  11.231905  3.427454
16941  11.533484  3.415267
43761  276.973917  40.786070
49903  276.971043  40.884908
1918  190.266132  31.259449
16275  238.233466  48.689317
14191  190.989760  32.169077
4771  206.788036  54.886340
18478  239.041641  48.780402
3345  129.009958  30.034950
4496  129.622869  30.141316
17832  191.065373  31.970397
804  14.657029  6.792100
137  127.315473  61.752492
1315  125.659128  61.818950
4923  14.977580  7.144607
12096  14.225626  7.963736
5060  136.825249  38.471790
9151  14.988637  3.156195
6936  135.091994  38.875792
12041  172.520533  25.388212
7569  135.697954  38.827293
11878  136.270876  39.367659
4345  263.077444  32.630734
16353  135.785162  38.915223
9776  336.700630  32.143782
48482  280.755328  43.408231
51132  281.178529  43.639588
3138  24.882981  18.042651
845  129.540466  33.956599
7847  128.451869  34.449590
7876  128.452538  34.449932
14249  24.038400  18.653170
9971  135.691979  31.141862
12247  129.249348  35.172025
1106  180.870445  26.998674
2627  11.409851  6.943900
38480  337.725952  32.894957
10696  12.638500  8.037222
10028  262.841190  38.467207
30  264.148566  31.113385
114  213.768098  75.670737
7840  17.108587  3.074872
554  216.431460  75.699180
16613  263.952913  38.733901
22208  279.039583  48.659863
72  115.960947  40.849198
7112  114.503671  41.257481
31951  276.985238  49.155468
16320  263.612298  31.562227
36974  277.180593  48.964977
17060  212.352071  76.612384
20761  213.865824  77.035637
23133  114.419915  42.096939
31769  263.722299  31.972654
32823  263.262661  31.995856
5587  123.578873  34.249860
11054  137.627107  30.360878
11269  137.625775  30.360793
34318  283.030016  61.588264
7859  123.896656  34.377363
16474  137.158742  30.674643
44587  263.463703  32.413077
18622  124.318990  34.765263
2900  121.362504  32.717494
6399  6.754274  3.389596
9125  6.343559  3.155339
8746  121.080059  33.826853
9054  120.058781  33.208370
11046  121.166896  33.837108
11139  121.091102  33.813357
11228  121.089683  33.813660
15039  6.287460  3.512908
6429  253.662502  76.037966
13089  257.181391  76.377610
26253  339.824426  33.208563
26254  339.825705  33.208283
26303  340.238838  32.949035
664  225.543022  49.260428
1  228.487182  75.648490
7901  225.527474  55.099779
276  278.576899  32.506969
9  258.105519  38.069703
4395  279.734768  32.579848
14648  120.715304  41.976862
2626  258.704806  38.202730
11364  226.010384  49.924534
17444  223.173694  55.466374
22846  279.476504  42.781980
19954  120.252328  42.283955
20123  120.986313  42.281161
7231  218.668362  55.040594
26106  278.108440  42.852826
4375  10.554191  2.875051
12825  257.831510  38.719474
14009  257.164179  38.775065
16  106.158122  19.970472
103  106.226997  19.970229
14311  219.899946  55.320603
16114  257.249698  38.878109
30406  224.977468  56.169509
15624  218.848893  55.362892
31752  225.260637  56.114550
20939  257.523043  39.443423
15458  10.366738  3.546996
7851  106.323644  20.209445
40051  279.256507  43.178660
24237  258.195835  39.277482
29167  279.537294  33.043311
10530  105.202064  20.285858
26514  257.908588  39.174875
26557  257.861744  39.171607
26793  257.603766  39.164125
19578  330.394932  18.657978
19923  330.372265  18.670634
16191  106.206133  20.457461
16584  105.240238  20.468502
24005  114.242845  65.685020
19427  106.261238  20.547524
20338  105.771673  20.577135
26395  113.967568  65.581735
24440  330.986852  18.936282
24824  330.000234  19.063733
25721  330.000736  19.033950
28024  114.144323  65.529875
28058  114.198348  65.524115
59558  279.052421  43.674799
59843  279.740404  43.664758
31431  330.595750  19.217382
4047  223.747414  75.914538
51787  278.503913  33.479305
34779  106.526872  21.014814
244  267.769044  31.118727
10101  223.469693  76.289069
10302  226.101151  76.314264
10513  223.016471  76.306226
10544  223.009992  76.306406
6058  284.177336  39.570509
6184  284.997210  39.568553
4298  12.733466  7.132605
43297  105.179432  21.289876
1036  9.625528  2.622892
10632  13.346682  8.081257
69781  279.705702  33.919512
22443  223.168965  76.937307
21607  285.153600  39.810464
10927  338.575399  32.168815
14882  338.966752  32.300365
28876  232.992936  50.242260
4293  143.805211  31.384518
8076  142.557463  31.609115
33342  232.717911  50.434276
8472  143.659280  31.635286
9572  143.525612  31.699944
1112  132.900445  57.457960
42557  283.533509  40.162909
3462  132.904727  57.124841
13224  143.687524  31.909711
4708  133.632575  56.955076
5067  134.243104  56.873586
14888  142.685361  32.218717
5923  133.386182  56.789889
5944  133.387852  56.789968
32587  338.520372  32.866298
9163  135.000665  56.338801
9178  134.999845  56.338807
3275  16.816681  6.981388
49589  267.745733  32.545564
22260  143.312333  32.383715
22434  142.703697  32.377586
22813  142.753124  32.347189
53709  283.691749  40.356300
12380  205.543938  64.392997
8844  17.957307  7.465878
4226  209.629283  54.871417
11906  17.640724  7.985091
38  259.732896  75.666720
6720  259.840437  76.012685
68702  283.943189  40.608536
9461  332.900558  16.954075
9530  332.900794  16.954394
38429  273.895611  39.012450
13022  332.968142  17.126981
13957  333.111994  17.169783
75638  284.627379  40.771980
22115  209.198693  55.206863
6774  247.107921  77.524418
17826  332.901864  17.367458
18114  333.451923  17.376650
16654  261.915269  76.498636
10835  241.699058  77.787125
23025  262.959485  76.916742
13034  248.586865  78.263433
24553  259.915480  76.865808
16386  245.494757  78.049081
40242  208.699649  55.558976
481  173.922801  29.750837
456  226.154090  63.166997
47767  210.700889  55.690338
1459  25.382565  6.851648
2849  26.375715  6.969712
4424  230.343571  49.503677
1482  227.800205  43.811053
3293  226.405885  43.997951
4320  226.271607  44.629317
14290  174.002125  30.778055
11736  225.046737  63.858996
6025  227.240985  44.460211
61267  210.045745  55.943083
11243  227.009925  44.949481
16790  228.790661  50.484618
13393  227.710567  44.716461
33739  259.152643  32.375129
145  348.032745  31.787892
1835  28.706568  2.679779
116  105.291041  24.152243
6267  332.109936  19.484944
944  20.111880  6.805875
7152  27.984401  3.092698
2170  19.796502  6.909453
2791  20.879432  6.960226
9485  27.887560  3.206997
9838  246.135514  76.275227
8637  225.477281  44.121822
10057  332.504052  19.675697
11041  248.366742  76.351127
1306  258.315902  32.551351
11954  28.592367  3.696047
10884  224.763699  44.250109
12965  29.197159  3.702509
13294  28.590951  3.695844
24365  131.057173  31.142782
23134  349.688544  33.056524
16382  332.184292  19.874932
15791  224.909845  44.676089
17168  332.183629  19.874853
17724  249.239585  76.618873
28671  130.823970  30.940788
29803  131.474382  31.120639
29953  131.466908  31.124203
30147  131.467603  31.123839
16232  106.500609  24.603573
6409  124.686461  64.843294
26740  106.563280  24.891199
13612  238.643594  49.991441
13672  236.977008  49.991303
19844  125.739286  65.955446
7763  0.014570  4.707817
24926  236.977462  50.361503
23217  124.511462  65.789542
25586  124.534082  65.673485
1570  145.853409  31.201272
70661  283.327882  32.003508
5944  146.048380  31.457929
76684  282.524888  32.080374
19  271.721719  75.661933
15704  146.544683  32.184430
20270  145.933115  32.510410
11980  268.036102  76.270807
12081  268.037720  76.270535
9032  241.462445  44.094547
23060  146.197984  32.339925
16196  270.626215  76.503537
93713  282.555596  32.301540
96783  282.276104  32.341127
1125  228.194285  49.290048
13124  344.221337  32.251102
13438  343.723840  32.200714
10250  25.295221  3.923975
10706  25.841977  3.890867
18621  344.769659  32.443376
18659  344.769729  32.440120
6264  121.650850  41.236307
109623  282.650979  32.529920
12060  128.353369  41.793883
9211  122.540102  41.429568
22260  344.223679  32.567573
22395  344.072467  32.553314
1129  198.810513  63.218535
23012  344.073000  32.555732
23123  344.074285  32.555463
4289  331.778325  16.643402
13273  227.125113  50.386981
5086  283.142183  31.173185
17090  127.976902  41.785746
12073  122.405970  41.591435
19075  127.648352  41.706495
10683  332.085607  16.831336
15309  283.150362  31.298843
19251  282.567261  31.349794
21699  331.781379  17.318588
30  222.970715  33.895720
1416  222.884701  33.964248
28847  282.017463  31.469207
27678  332.068682  17.595728
30797  282.171235  31.495001
29557  331.752015  17.538390
34847  282.620085  31.547547
35649  282.199397  31.556562
36055  282.200831  31.560480
40099  282.895656  31.614920
42017  282.655402  31.638587
21430  222.248570  35.235756
6128  26.693500  2.974313
21731  241.215669  40.750556
23374  241.115442  40.682717
50756  282.822150  31.751103
24557  241.946197  40.628423
52811  282.418895  31.776026
16586  26.668153  3.502588
48920  211.500116  55.642101
8545  267.494614  38.378217
11133  231.007860  50.641104
8577  173.359949  31.723866
2462  30.254934  6.924902
17418  140.249660  30.598025
66220  282.705294  31.946650
13478  236.374256  44.784616
10266  189.635383  62.411550
12868  132.896895  42.280229
18579  173.705812  31.954996
19247  173.886979  31.878808
24839  269.319190  38.968127
19236  189.263953  62.577586
19961  132.891283  42.281289
21263  133.027817  42.184989
951  3.607373  4.030282
3678  4.060429  4.266463
7547  335.414215  32.027262
4112  2.937185  4.307117
2653  147.433966  31.265815
2228  275.852529  33.937776
3199  242.233207  43.870018
951  281.422689  29.735607
1361  281.156051  29.738370
3893  330.158994  20.842251
7204  148.179894  31.548999
2599  235.720618  49.356716
5988  331.142375  20.946950
16787  336.085748  32.324362
3861  282.443153  29.776047
9753  148.318466  31.710055
80  134.717984  32.507062
805  135.599823  32.570753
12484  148.420908  31.873060
12147  330.418182  21.233751
12336  330.429519  21.220066
12906  330.563982  21.293093
16004  242.150399  44.625836
15639  148.169926  32.198918
16818  276.379631  34.224714
13391  281.768742  29.906433
8474  134.937555  33.249962
16388  330.434573  21.242264
19399  147.746611  32.060278
16222  235.298167  50.638963
16942  282.673911  29.954073
12992  135.146535  33.667831
22234  148.285319  32.407792
2052  277.744968  75.774207
20042  330.737554  22.068156
14526  136.237099  33.554057
14720  135.447125  33.540090
7008  165.538341  64.987295
33921  335.792879  32.851545
21987  281.913002  30.026432
9019  276.634284  76.121542
13840  163.481487  65.679531
31205  281.382299  30.147230
16009  273.637435  76.430555
17539  129.780439  41.646207
18093  129.779830  41.645978
20160  130.509478  42.274348
24725  128.981660  42.028653
5245  4.384028  4.311421
9402  4.396385  4.610497
52003  282.161408  30.445692
55202  281.973757  30.489939
10126  238.482653  44.287521
11037  238.484386  44.287450
5928  138.164523  32.971446
8889  269.859433  38.311371
6452  138.499246  33.015660
541  281.858678  31.115750
6776  138.135790  33.036235
60938  282.527741  30.571874
62609  281.256232  30.597320
5915  281.371036  31.202122
1182  29.429889  6.830064
11642  139.390201  33.794560
69387  281.236445  30.689171
6073  28.677486  7.161503
70789  281.951940  30.713304
71192  282.519159  30.719901
7748  28.783926  7.487018
73798  282.700211  30.756540
193  134.032364  64.532877
74886  281.267384  30.771480
1505  133.943689  64.604470
25284  270.224449  38.746629
18358  281.957653  31.385834
21460  280.968893  31.432499
30140  270.020998  38.869077
10455  239.114305  49.720707
25679  281.295041  31.499454
13746  241.169562  49.889907
30189  281.326756  31.568568
20058  240.726450  50.632493
19974  130.824384  65.945206
96522  282.033931  31.046657
359  16.016253  3.968152
39024  281.159653  31.705304
25501  240.364776  50.302006
26319  240.365451  50.301778
6939  15.422751  4.430798
1569  225.744700  54.804312
5495  137.007851  34.335451
6336  137.172390  34.397265
7450  245.079693  44.084972
9191  137.016669  34.645367
36268  331.445159  24.662013
10535  137.427544  35.287614
13128  137.978978  35.113071
7461  23.795683  7.223452
7681  23.793316  7.225689
7884  350.289808  32.131093
16970  138.379622  34.814773
9188  350.284882  32.128139
17799  136.917474  34.739700
9475  350.285213  32.128017
10531  350.938938  32.237066
17723  243.534706  44.616346
12601  350.769292  32.322758
19368  243.668983  44.525672
20134  350.347303  32.596302
76992  281.341240  32.294847
24760  349.699773  32.988885
82451  280.378554  32.363202
32897  350.661353  33.153328
86872  281.683123  32.411703
8729  14.344501  4.605959
8219  242.042831  49.614162
12102  249.808892  63.693754
12112  14.281057  5.180646
5995  141.787738  41.299889
8684  18.190350  7.437259
13378  243.197720  49.883731
9425  135.954153  34.448824
10192  135.948455  34.450555
11811  141.670956  42.158699
22335  250.219169  64.434928
22555  250.262987  64.427985
66978  226.809870  56.062217
15717  135.759433  34.977318
18471  141.514891  41.633713
7922  33.592680  7.435087
7923  33.592510  7.434866
7924  33.592680  7.434722
9503  259.126021  77.531254
9004  232.444695  44.131241
9181  232.950527  44.148880
19237  254.119340  77.961436
25074  260.995157  78.217268
21915  233.802524  44.934026
28207  256.309395  78.487847
563  332.277293  22.063232
7097  332.720656  33.382579
1959  40.136858  6.869929
19159  122.206784  34.823834
19818  331.565527  22.902769
23102  123.206860  35.155617
19391  10.256374  4.800784
13371  139.150356  41.716213
10414  39.197366  7.760146
12123  40.058918  7.958277
29481  331.930829  23.064039
17243  138.279178  41.755254
25635  333.190626  33.892358
15470  39.830963  7.702426
19951  139.174270  42.281626
24770  122.929873  33.638570
39893  264.269591  39.500770
39899  264.332002  39.502163
39908  264.273227  39.500782
13300  142.550121  34.641697
1411  223.484200  64.628085
1678  223.031750  64.643565
2134  224.779198  64.663574
23896  143.056697  35.104642
50693  333.135974  34.590609
15030  222.626039  65.606510
11008  232.583582  77.773486
1177  125.041657  40.935894
18398  232.298802  77.927795
961  37.335536  6.775918
1054  37.270917  6.796046
30648  274.453879  44.490998
3053  7.975970  4.188231
635  149.187879  29.751598
5022  7.490341  4.358916
2361  127.004193  32.655700
6779  8.399172  4.938242
8914  130.648848  34.553295
6210  149.724866  30.063347
10192  36.707177  8.122386
11387  131.647713  35.210633
11975  131.528802  35.165804
17872  123.374987  41.741577
10717  149.805658  30.301851
13446  7.947570  5.046746
13813  6.973695  5.022568
14185  149.014457  30.483836
14455  149.568698  30.478466
176  330.030174  22.040956
16130  148.597733  30.578005
19953  148.632668  30.605102
52  134.157679  33.899109
9471  330.001384  22.439739
4  126.106913  32.499724
3280  148.193092  66.176716
4514  146.437871  66.259350
8916  133.551152  34.406345
9014  147.506490  66.565609
17003  149.323033  66.744725
19556  133.846666  34.810560
7989  152.098203  31.860217
7933  12.427948  4.590468
9570  283.363138  38.251592
19  31.365262  6.718572
13889  12.010445  5.044204
15737  11.620011  4.894248
16274  12.469029  4.847470
8204  31.338384  7.485428
10593  136.845512  42.232896
23007  267.260721  78.321532
11787  31.267471  8.000201
14682  265.783607  34.441149
14304  137.452205  41.918960
14515  136.454840  41.902486
62  124.871864  32.504910
13245  31.672010  7.878504
1723  125.501053  32.592064
28211  266.958976  78.100436
33547  283.445265  38.699264
1865  105.511438  42.347890
4097  105.812122  42.462165
4182  106.076299  42.465261
14491  3.779887  32.595367
54677  222.394922  56.066894
19582  273.176861  49.864531
20188  273.127621  49.887085
16716  125.680790  33.519240
42426  283.029610  38.864346
10918  106.173121  42.823173
35546  264.373334  35.125064
5030  278.862191  31.198478
12584  106.762789  42.904029
13021  106.844768  42.929047
14381  106.626856  43.006382
19254  105.339955  43.160084
2000  134.115892  35.404670
24011  105.743941  43.459450
7953  6.928312  4.653329
63589  283.314787  39.271467
10862  5.640956  5.274670
12676  6.070456  5.107285
66160  282.623210  39.366723
27040  280.384702  31.588045
9647  131.947715  41.315015
32424  278.935919  31.684323
12682  38.767879  7.470215
15021  38.220738  7.763938
37588  280.358048  31.777470
19011  132.138009  41.712436
17562  38.766658  7.470365
20319  37.797075  7.972018
14014  347.686189  22.682146
29951  131.122812  42.281981
25235  284.667430  44.155157
1075  279.486012  77.115546
1197  279.565617  77.125584
3595  279.389853  77.279070
341  284.930856  64.543867
4780  280.308931  77.357415
273  9.715726  3.963848
658  37.732338  31.817993
3720  283.980589  64.674219
2030  37.061899  31.889905
7983  279.805168  77.546940
6200  9.075986  4.453973
6826  8.792923  4.731261
12911  282.331299  77.839534
16710  285.510901  78.042012
71533  279.438756  32.502869
14016  283.295272  65.075228
17660  285.150678  65.225849
78066  280.303758  32.527037
9  132.839104  33.895020
68  132.014948  33.899426
19864  130.196327  33.928415
1100  132.768439  33.970297
2833  132.384181  34.076464
607  136.956122  35.285059
4550  132.283732  34.170394
27749  285.536427  65.604695
4443  137.180666  35.521963
6040  135.656993  35.584526
2806  330.665141  9.652489
30007  284.833803  65.953277
31664  284.880766  65.885383
19841  106.401053  68.175726
28749  130.958842  33.458196
17039  132.464849  34.916222
11066  330.587070  9.959055
67978  285.700200  44.962915
69079  284.119451  44.867080
16229  136.591605  36.157595
69526  284.346994  45.071093
69538  284.345451  45.069936
21440  133.412630  35.213061
956  13.040739  4.016280
3383  204.969722  54.929051
5655  204.646064  55.039775
8579  205.209472  55.183164
9073  204.516842  55.208057
10041  13.613302  5.355609
28695  330.134352  10.508639
12393  13.167753  5.163892
14822  13.196101  4.966441
17685  205.690274  55.617229
18318  204.167589  55.645646
15812  154.403796  41.839726
20119  205.629909  55.728135
25056  204.518789  55.924731
11426  278.556924  77.647078
9256  348.590107  22.465976
29582  205.627478  55.727978
12554  349.285932  22.608388
30258  280.815529  50.076533
19129  348.816675  22.881490
23790  277.295697  78.286290
2392  258.311058  64.666483
4126  257.338159  64.753668
280  279.842814  33.897780
5716  257.879086  64.845048
42891  280.147304  50.538789
42917  281.110889  50.315267
9621  258.543003  65.011879
11766  279.281894  34.095310
4583  19.296227  4.296982
1789  151.968828  29.857109
1791  151.544971  29.856302
10  190.755073  40.857091
8744  18.533058  4.612825
1475  189.986801  40.966501
71  279.063513  38.072664
77  279.019115  38.073164
152  279.030771  38.074742
203  278.893712  38.073849
11230  173.673966  37.987469
10742  151.427310  31.005742
25178  257.588685  65.659174
8938  279.402506  38.275085
16060  19.085209  4.894764
17605  172.924467  37.586393
10311  190.605823  41.540268
15884  191.217122  41.871312
29255  278.300679  38.714806
45026  280.170539  34.666209
30205  278.635293  38.742423
17714  33.619635  7.533561
31276  279.014614  38.772564
32127  279.797787  38.790855
8871  244.546415  55.305639
23504  32.882501  7.970517
11585  243.639660  55.473412
14519  243.070388  55.924917
5477  124.974823  38.465160
9485  125.884834  38.737353
32  20.007699  3.936819
12585  170.235847  79.679517
4550  151.910837  41.197240
585  127.526088  33.938709
16975  168.093177  79.357497
16411  125.242591  39.060146
8788  152.501286  41.567428
18960  167.417528  79.212581
9699  151.950260  41.499308
19522  174.506102  79.178861
11673  152.458542  42.150123
14457  345.284813  22.644775
82089  280.342227  35.270506
13953  151.324366  41.948344
16341  345.048729  22.725138
743  200.039568  40.913277
16972  152.856717  41.710478
4952  200.119483  41.188723
20956  115.843366  46.469151
21440  272.170944  44.319202
22010  272.548733  44.346237
29964  346.170855  23.456483
20635  199.105921  42.235500
42532  273.383233  44.987073
2487  274.429631  54.880350
311  331.415606  9.522242
1303  331.415644  9.577436
4392  107.685591  64.723899
8962  332.312211  10.012156
12754  175.454564  79.634376
90  274.188041  64.531384
13923  180.175704  79.546517
67  144.200125  31.111178
1883  144.260107  31.223801
8600  29.294726  4.590447
15617  332.017347  10.606502
3260  144.452242  31.303650
9403  27.868857  4.701003
3418  145.298478  31.310685
3662  144.877160  31.326528
3891  145.267165  31.339801
4539  144.162703  31.376453
7647  145.128543  31.576852
14593  28.650122  5.016803
13028  144.971985  32.333710
1172  261.423824  40.908888
23686  105.044368  65.764831
14563  144.280221  32.235338
24826  104.942542  65.708786
17557  144.458281  32.048146
5514  261.608610  41.100755
29775  274.203890  56.209774
29913  276.003181  56.197320
20596  144.581225  32.471174
5364  134.341024  32.845182
7602  134.192006  32.969319
11148  134.138795  33.186444
49817  284.863867  50.639557
50673  285.526153  50.633668
13373  133.360732  33.305527
14286  133.236727  33.659146
28937  273.185339  65.563493
24145  261.265028  42.076573
24579  262.242112  42.062586
18724  6.816278  32.756988
19861  6.563006  33.208594
8093  150.109398  79.242969
9695  151.404269  79.120934
11589  151.441035  79.759168
18895  346.262949  21.522324
1561  184.073549  45.141722
6362  41.444079  4.706202
2730  184.848924  45.223852
4644  185.698472  45.344490
12424  40.826039  5.114851
11578  109.903788  39.995424
10396  184.181251  46.461720
11782  40.810983  7.982122
21411  109.454968  40.889997
19669  185.090554  45.775406
4660  123.825187  32.752697
12654  124.010449  33.201495
17793  141.397482  30.603716
4858  26.003921  4.369291
6867  25.375738  4.520298
3846  332.003771  20.851522
9351  25.565695  4.587126
5614  333.007162  20.948053
1426  207.378173  66.012839
2988  340.209228  9.719252
8398  39.604848  32.261368
15627  213.163291  79.482249
15916  211.963986  79.507052
9076  281.051277  55.095741
16161  213.173498  79.482250
9172  281.050278  55.093954
9937  39.541648  32.347088
1932  192.572270  40.994085
10796  282.412762  55.166007
11778  283.313733  55.195905
4989  192.809421  41.175303
21110  213.928990  79.796915
8493  191.754639  41.378902
10931  193.194989  41.530646
15656  341.247379  10.578964
21128  332.886130  22.064255
22505  332.604572  21.932622
19962  192.269423  42.284427
37655  282.166747  55.916557
3367  146.480222  29.901985
1160  212.769436  50.675690
25277  105.257502  57.161976
5371  145.450717  30.002873
9295  145.615757  30.218970
11975  283.864026  38.276998
746  37.752164  30.431830
12965  145.309583  30.412237
13460  145.340390  30.438883
12787  213.315093  51.395717
16479  146.326939  30.587878
17051  21.905450  4.824686
21123  146.366254  31.075318
5620  266.642594  77.388711
25363  283.615388  38.499573
19287  213.839922  52.028323
9533  271.415091  77.642382
25744  145.115083  30.827980
26451  146.407816  30.789152
17823  38.311735  31.366589
19967  37.688191  31.789036
18423  267.687272  77.963125
19278  278.918833  34.285188
15084  269.668530  66.595126
15142  269.602920  66.598935
16346  341.488464  10.497355
15709  269.742270  66.622248
16333  269.689631  66.646130
9879  332.114903  23.831901
21515  271.297832  66.946784
23045  271.313769  67.206201
23049  271.307393  67.206384
25094  271.305332  66.945743
25885  269.314429  67.066642
357  262.330593  31.118262
539  260.897101  31.122039
30926  270.166077  67.305403
24164  332.395521  24.392831
4579  27.689068  4.305540
65843  284.971243  39.178624
9654  26.646361  4.538418
41359  330.426070  34.143228
16581  261.818478  31.586924
10106  252.715906  55.282059
53375  331.725827  34.518831
41  186.291874  32.505704
3182  187.008881  32.768211
14239  277.645631  49.690448
9247  147.567937  30.276273
14383  277.756832  49.695030
28326  261.006826  31.908724
772  105.564079  59.000742
28601  261.002447  31.661801
10372  146.893007  30.339963
5384  186.235815  32.934766
2465  106.250936  59.103567
6296  186.491495  32.996981
12548  148.100391  30.462529
18425  278.755936  49.832371
32285  261.023231  32.007402
33662  261.213562  32.044058
20284  278.370113  49.893394
11291  186.429428  33.514527
17109  146.715535  30.691697
35787  261.756417  32.100527
11614  107.581189  59.639022
27662  253.571578  55.795925
14846  106.524211  59.800389
10517  279.984168  43.900361
18404  107.025912  59.869846
18954  265.602785  79.413332
19894  261.936428  79.876136
19998  259.991989  79.876649
20474  258.504791  79.873123
22268  106.489981  59.801995
22786  106.393226  60.228423
3380  25.079218  4.200832
3540  24.271035  4.212868
37824  278.610911  50.368429
18426  333.873673  10.449135
8467  24.444152  5.152523
10971  24.444828  5.152520
30087  280.219488  44.386116
4438  186.129899  41.188269
4534  186.923959  41.197756
8789  187.343812  41.496456
134  30.528341  2.559498
23999  274.744412  67.169122
9562  30.145504  3.088957
15343  330.525795  26.840585
29136  273.940041  66.951547
17349  129.226363  33.355049
17383  129.226693  33.354872
25607  330.221716  27.235016
8786  106.788221  62.237129
12776  240.040951  55.499787
38  350.161438  9.504095
11229  106.106964  62.369379
13424  105.938452  62.495982
13184  0.186335  6.499188
13571  0.422101  6.471546
13762  0.913378  6.454790
18141  108.066720  62.706326
5330  246.806021  78.734573
14371  0.127366  6.404620
16334  350.235643  10.340745
14057  249.570893  79.162379
2544  32.155884  31.924668
13115  26.414949  28.291435
11856  264.139851  41.243603
52  153.209447  32.505007
26118  251.729375  79.511397
17324  25.273254  28.659757
4160  32.082734  33.387257
2769  129.224334  35.465628
20846  263.113203  41.527725
18038  33.774951  32.730620
10444  153.556614  33.155340
23629  33.718310  32.988101
12383  130.574471  36.530774
1114  1.722806  5.421563
1527  2.457621  5.450660
16768  32.343157  34.027693
17386  32.681818  34.443001
17634  32.679623  34.178465
554  131.640139  67.314611
4827  2.545812  5.700905
18853  129.952018  36.113760
31770  282.536839  50.170301
1480  112.671661  39.538828
12867  1.800789  6.541575
39849  282.108535  50.639596
40196  283.573154  50.629430
45  108.673224  63.135374
14  338.458326  26.211437
1838  337.746855  26.285757
13048  237.077866  55.496155
6825  338.369410  26.478804
8234  110.442958  63.573718
20102  237.309321  56.198791
18755  338.987286  26.960562
30058  133.824547  68.724901
6  279.517081  43.637811
9288  339.164612  10.162798
3742  279.109141  43.743855
23307  109.047237  64.376542
3233  144.486822  29.928859
3598  143.681313  29.956155
6434  143.731261  30.140371
2924  123.371495  35.456456
3469  283.679731  31.151754
10258  144.472510  30.373508
10757  143.528259  30.403138
10892  143.796075  30.399725
7583  123.002494  35.760186
9027  123.044344  35.853604
13394  143.760202  30.569058
6747  10.873826  5.840773
16124  143.951738  30.799249
18212  144.475228  30.673194
18993  144.790585  30.629565
15006  123.146679  36.360162
20607  144.642276  31.091694
21074  144.605341  31.070786
21191  144.253669  30.931299
27722  333.895281  34.088729
28636  279.016952  44.425394
12216  11.206107  6.574459
12322  9.880972  6.566418
22712  284.625144  31.384421
15145  10.630472  6.341936
36101  333.858661  34.392377
26482  284.676714  31.428155
2833  114.568611  39.612759
40927  334.491754  34.526098
41012  334.495787  34.523953
42099  334.494934  34.523881
31424  284.048062  31.492117
19973  200.634324  33.278783
85  279.687979  54.784333
35128  283.738780  31.535436
47703  279.228745  44.859362
10951  114.498174  39.939883
11300  114.505733  39.939733
11710  114.533695  39.934706
12754  114.323893  40.076641
15397  115.019493  40.267244
18072  115.152207  40.438925
18461  114.004398  40.412121
18462  114.005785  40.412331
18477  114.004692  40.411044
45643  283.890182  31.663198
22023  114.196318  40.754926
23841  114.433448  40.658985
89  267.337742  40.859805
106  267.337633  40.860383
151  267.339405  40.860448
7619  334.368697  9.932045
2608  112.934453  63.243157
18343  280.755185  55.484691
51779  284.385879  31.731120
52543  284.673949  31.747802
53340  284.772834  31.753724
55338  284.194070  31.780574
57351  283.680551  31.802909
14079  146.211185  68.446896
61277  285.124500  31.850156
16154  146.625119  68.318049
19210  335.014412  10.402808
2065  120.673126  35.430404
22065  335.035434  10.835065
14751  111.772813  63.898975
66216  285.080040  31.908863
5053  7.640504  5.773992
8747  30.500416  15.654232
18682  112.379628  64.128525
11739  184.420128  51.277029
13076  121.291546  36.505863
13756  184.480086  51.848382
13250  7.356916  6.477691
13359  7.633120  6.469096
77733  284.934177  32.049415
77923  284.831303  32.052822
18974  30.458056  15.856315
27406  267.553003  41.723703
22051  121.634536  36.570567
8988  265.108261  78.986566
20533  184.748693  51.987219
84056  283.878088  32.126232
31100  267.787878  41.789708
31143  267.788724  41.789767
34353  267.999362  41.949952
18455  272.532762  79.334298
95564  284.223571  32.279473
23582  263.558627  33.207916
97769  284.743963  32.307218
98175  283.695031  32.310603
101370  285.292985  32.350922
118  202.415733  67.313894
103023  285.147585  32.374082
176  345.051392  33.184252
110583  285.130215  32.524010
111042  284.340272  32.503748
112189  284.206907  32.497288
112377  284.054519  32.495006
112861  284.693201  32.483318
2793  9.635563  5.542703
10242  336.027124  10.158914
11385  336.491490  10.223059
38  18.391886  1.154029
60  18.365205  1.155843
3227  281.520903  33.951567
6981  281.575161  34.019831
86  223.969187  50.609267
517  224.899154  50.645005
19127  335.921684  10.362899
17652  9.490878  6.140816
11762  282.212712  34.094287
19974  336.485582  10.930050
8704  19.120069  1.661563
3242  223.322843  50.863985
32298  345.152245  34.514760
22692  335.822088  10.729999
1436  177.356595  63.252308
19104  281.551139  34.229452
19363  281.827803  34.235976
21758  281.919853  34.275251
2039  255.991044  78.548489
11510  224.634669  51.900543
4884  343.050359  25.120559
8641  176.421757  63.865022
6241  255.447841  78.766782
8709  343.374581  25.329988
16152  224.018730  51.523556
34118  282.199189  34.495083
754  285.728109  65.943395
5349  282.892692  66.130694
25039  343.251486  25.984548
19822  238.289585  55.712591
25779  343.036857  25.946965
20100  257.374426  79.857645
30082  277.342151  44.412055
1422  6.190982  5.447092
56650  282.067948  34.894493
4658  6.590957  5.692445
15420  260.130814  30.216346
62986  282.286304  35.013309
19674  259.835531  30.451567
22688  285.895768  66.814081
68517  282.112526  35.110251
43687  276.033488  44.773171
69209  281.020759  35.128189
25286  284.288248  66.926893
9363  119.570466  42.727134
12205  343.736670  10.241378
12380  343.736815  10.245974
12756  343.735817  10.246349
17705  6.955971  6.171447
18444  6.120084  6.137961
29142  285.321471  66.971248
10832  105.985282  66.367045
11275  106.428391  66.328573
11501  106.428386  66.328573
9  344.545818  23.425756
31714  105.523837  67.261961
1010  15.000764  5.424286
1041  283.967501  54.809613
5269  14.794054  5.827962
5596  15.093565  6.633428
6323  14.954470  6.482066
6948  285.617198  54.982629
12091  14.167759  6.213627
12631  14.902046  6.450368
13950  106.881618  40.093616
31650  343.886928  24.764280
33512  347.737979  34.474946
40013  346.852804  34.605172
17  278.718314  40.863040
64  278.718130  40.864616
42  142.260869  29.717311
6465  277.816684  41.049873
4772  143.062041  30.589281
39607  283.525679  56.207285
39713  284.489625  56.209829
14124  3.733137  6.454500
694  114.322848  65.956284
24122  278.883365  66.871424
22211  244.911373  51.912726
3176  139.684570  36.881914
28978  278.880402  66.949674
12914  140.308791  46.231065
29952  280.425141  67.348441
11769  120.265132  34.593166
12696  120.303562  34.642320
39578  279.349848  41.985215
33106  278.945836  67.193503
13952  137.973170  37.783654
14075  138.744645  37.776500
6832  150.172713  30.111017
18136  120.084008  34.841111
9651  113.876595  66.471716
21374  120.859474  35.264610
9658  150.383994  30.259043
4394  125.174855  39.700044
10919  112.725933  66.534402
23060  120.869463  35.144328
11549  150.531293  30.364268
11563  150.134550  30.364010
13853  149.943258  30.486309
19695  139.878219  45.754986
4343  282.962033  33.964620
2109  5.055748  5.504707
16135  150.812031  30.610576
9116  283.976271  34.042944
4063  4.415985  5.661608
10096  126.182539  39.998499
10242  282.594637  34.059450
18016  112.747232  66.848024
22710  150.516238  30.991763
20766  112.876602  66.819284
21133  112.009843  67.264815
21172  283.899503  34.237280
25288  283.348025  34.300327
25537  283.388867  34.303665
20102  125.271593  40.792335
20507  124.805529  40.854570
28356  283.476817  34.346517
29686  283.931255  34.366464
34262  284.070405  34.437800
2153  201.199505  20.125864
24938  334.736886  12.039589
41009  284.186834  34.544467
1162  126.702274  36.752098
3801  126.433992  36.896381
10276  127.307016  37.258516
57850  283.097475  34.810821
3882  241.592959  50.796501
14174  270.247621  44.133793
15627  126.709162  37.724293
6787  241.358658  50.972648
65117  283.057375  34.930703
68064  283.446961  34.983955
3251  149.045444  67.494082
73305  282.694944  35.069051
104  110.146912  67.312190
7949  214.828859  51.044437
77809  283.887752  35.143221
80968  283.075083  35.308177
8570  149.383297  67.829915
14272  214.553775  51.399540
15595  215.308874  52.031871
88229  283.688671  35.310691
20034  216.067698  51.448198
20331  216.071131  51.447738
21686  216.089325  51.445067
7954  345.089868  25.291064
19641  150.701190  68.737569
19865  148.839344  68.487260
19878  149.281179  68.598327
19881  149.263364  68.592203
20314  150.440442  68.710515
20643  151.011730  68.689931
15964  108.905377  68.369369
23023  149.586180  68.545999
17759  111.190650  68.265233
18802  110.885402  68.220609
3955  163.407549  56.417019
19942  1.173011  -0.210207
16906  343.986766  25.876841
17114  344.951874  25.866653
17442  336.662021  11.890487
17443  336.662223  11.888597
17451  336.662227  11.888591
6070  187.226140  20.392662
18031  336.662426  11.886666
10467  187.868768  20.710619
10636  187.450853  20.723292
10400  164.469922  56.776922
23255  344.896770  26.075089
25249  335.911899  12.032621
11636  124.258016  35.994394
14409  124.976571  36.403697
18103  163.657737  56.988989
20321  187.353818  21.284852
7003  13.051626  5.866854
21045  164.525690  57.508412
19712  124.753114  36.090329
12098  13.896206  6.569594
6463  228.999781  51.060796
480  339.621775  33.184452
8854  229.973641  51.228089
5247  189.453211  55.069098
47822  283.401928  41.805875
10123  189.590497  55.330491
13968  190.052072  55.528681
17218  191.199516  55.807546
17339  191.209033  55.798940
22922  189.509251  56.028865
23940  190.827150  55.997267
24528  191.365583  55.943842
1149  245.068613  21.417642
8736  119.745262  39.818892
766  15.480420  5.391768
9231  153.347744  67.821848
231  283.791702  32.504131
338  283.793847  32.504895
17844  157.378063  68.175410
6010  283.350685  32.579686
6502  284.315770  32.583812
13745  244.222141  21.988553
19831  155.535122  68.489573
9051  283.156374  32.613605
12186  154.626816  68.023307
12225  154.632752  68.023079
42186  339.408093  34.272172
6098  16.224400  5.801917
7982  182.806323  56.712579
24432  157.190170  68.468272
24546  157.211725  68.424366
9283  15.372397  5.990345
26233  156.945877  68.412228
51422  338.874706  34.570367
11278  16.094613  6.642449
29951  244.787374  22.789738
15998  331.370512  25.374125
26233  283.823615  32.844149
26880  120.484487  40.726801
26885  120.462746  40.727266
28643  119.900573  40.600486
37805  284.240754  32.959581
12986  342.118936  11.738574
42745  283.085035  33.056353
45047  284.205351  33.088605
25301  331.368385  25.692768
50455  284.209459  33.157604
53625  283.882421  33.199996
19967  225.462759  46.459865
18909  283.756388  51.198690
21252  282.853819  51.265173
21968  282.477833  51.281623
22340  283.247883  51.298695
72264  284.335427  33.435786
22608  278.202791  30.143595
12774  125.441884  36.074551
12937  125.907316  36.087512
81560  284.418329  33.553009
1166  105.580591  68.758106
16636  125.974554  36.317600
27928  278.914027  30.235526
18758  125.830370  36.188444
39254  284.305352  51.728899
8073  105.122066  69.096585
5375  170.098158  67.720330
7198  234.591519  20.340660
92571  284.448576  33.703724
9560  161.582313  57.366018
93116  283.106210  33.709459
94479  284.505911  33.728973
11263  159.933899  57.483441
11756  161.591353  57.366096
11941  161.034400  57.409378
2039  340.051173  11.013292
13794  160.943088  57.289069
11842  172.163171  68.601599
17384  234.786826  21.004579
51492  278.461341  30.648283
21718  234.086900  21.307496
15513  224.484410  45.786686
65026  279.221975  30.896477
22100  224.557260  46.336971
10306  134.326543  40.167081
10919  134.171950  40.297322
19454  336.836344  33.789535
6815  131.474725  35.725947
3953  18.692910  5.588251
4538  18.421265  5.624414
6954  274.582033  78.878234
8137  279.300655  78.923534
3164  331.879910  24.948692
23123  275.741113  41.451376
20169  131.697312  36.647359
20550  131.823575  36.672991
7847  284.779708  67.679374
39373  338.221532  34.301470
10072  282.115489  67.779094
19640  276.456859  79.874435
19767  277.009400  79.870271
19898  273.711387  79.850862
44137  337.840513  34.446647
15966  332.910303  25.433494
22749  273.054359  79.688084
20451  281.715820  68.735329
20  111.478272  70.098757
40667  274.703070  41.904447
23848  285.602821  68.533941
25844  332.279247  25.805105
25510  284.771629  68.459085
27007  331.697570  25.849084
45291  275.229628  42.290150
45292  275.223421  42.290547
28234  284.692833  68.338101
28537  283.767183  68.330591
30004  283.758954  68.739706
7902  111.052196  70.454424
7958  111.052977  70.454247
8042  111.056586  70.450988
8231  111.047078  70.450658
15938  248.481548  23.483332
49792  275.224078  42.288118
381  279.016173  35.292634
7605  122.549637  39.799667
9489  121.996777  39.897130
6951  22.886048  5.797133
14815  337.690148  12.064415
9379  22.896246  5.900922
9510  22.895586  5.900735
11167  3.351908  -1.721303
19216  22.436737  6.142181
20330  22.541735  6.690365
24384  122.846251  40.653812
47332  278.917375  36.111834
3702  110.683554  68.902342
53887  279.096424  36.229755
10642  112.192748  69.191282
16589  349.398813  33.903200
16592  349.400163  33.903097
16617  349.399486  33.903254
16896  348.637544  33.939147
18078  349.380497  33.956246
18092  349.380971  33.956479
60783  279.981498  36.351341
3276  190.662072  56.372763
3439  189.966499  56.380537
18598  112.179188  69.189341
19324  110.861592  69.641338
20619  111.313192  70.094627
7514  190.001416  56.629355
22406  111.677333  70.010160
4939  1.758042  -1.216533
29013  349.999206  34.580003
11944  190.550275  56.862152
15514  190.615709  57.052423
16349  190.152985  57.237682
15123  2.135160  -0.605736
19916  190.639997  56.989146
5270  332.821064  26.438819
427  129.976472  52.031612
5455  343.426680  11.275189
5682  331.554241  26.454655
5985  344.156483  11.318679
5221  17.754122  5.692006
612  232.941925  45.068582
10355  332.272191  26.623217
10429  332.270108  26.623286
12930  332.245477  26.759845
16  128.751314  22.755134
45  127.737360  22.757858
84  127.751500  22.758680
1895  113.881939  72.966889
13663  343.755455  12.038818
1448  128.067432  39.548872
17144  332.232709  26.928454
9313  231.179673  45.575005
3653  126.828192  39.683200
17040  343.567172  11.800145
24380  14.545829  41.092378
8938  111.999466  73.247598
9754  111.994385  73.247671
21839  332.533177  27.117460
21980  332.533020  27.119341
8461  127.717085  39.961360
30758  14.546766  41.535929
25616  332.236245  27.399585
7768  125.908758  34.352109
8615  125.912267  34.351730
5  4.864718  -0.242155
30346  332.409083  27.518460
31410  332.715322  27.566184
11484  126.271545  35.011231
12989  126.269399  35.010903
15400  125.305329  34.931073
4995  273.474815  40.992817
730  198.708000  56.210897
19732  127.515978  40.292287
19938  127.907391  24.182687
2342  344.505858  33.271397
12472  272.294037  41.177553
11481  4.365564  1.049172
654  27.172092  5.400377
840  27.023368  5.422983
2621  26.654000  5.628819
2870  26.802289  5.651804
4515  26.708395  6.298255
10471  343.519210  33.612750
14341  199.077434  56.874407
14664  343.996600  33.793676
15798  343.712228  33.842228
17611  344.515524  33.915175
17558  105.612018  70.944412
20862  198.611539  57.544074
19598  344.109683  33.998902
22184  198.961809  57.483921
4465  127.542309  36.940747
4414  227.633588  52.247305
24010  197.777199  57.396259
22440  344.415303  34.117315
23710  109.133359  71.271117
24288  344.073125  34.411569
24486  344.298791  34.402216
24199  105.155763  71.254994
8291  127.672861  37.176436
10578  127.891137  37.320559
9252  229.083989  52.514329
12782  129.074505  38.100678
28009  345.012413  34.251786
28024  345.012813  34.253105
28999  344.865088  34.237684
31928  343.706993  34.508070
15026  227.376680  52.835875
794  279.588765  29.730158
918  21.211483  5.391472
10358  1.883193  0.349184
11515  221.088504  45.716100
11605  221.088548  45.713349
11684  221.088487  45.714730
7813  128.799746  39.922427
9191  128.806715  39.987415
16484  279.815676  29.967257
15858  221.711824  46.130373
12522  21.294272  6.575213
21471  2.214147  1.100018
20075  222.988949  46.449421
11967  256.256908  23.357325
24501  221.333871  46.207779
34928  279.695371  30.223092
21766  129.064433  40.777800
14351  150.260476  75.008613
7331  200.117323  56.554683
11875  208.772289  56.733627
8777  201.044632  56.637062
16278  184.522996  36.274356
10619  201.118761  56.726568
8315  184.355050  69.313951
34476  331.022243  28.770528
9332  182.436206  69.554687
11750  202.040131  56.777357
13667  202.325253  56.857914
16180  183.903293  69.634572
16195  181.948988  69.626428
23716  209.031420  57.399309
17526  184.665116  69.371027
19374  200.336772  57.484795
28524  207.707091  57.173926
68471  281.044567  30.718772
7127  1.131095  0.123714
5741  123.939615  39.802194
11891  234.712569  45.655456
12971  1.194624  0.402364
4155  193.126172  68.969677
10  5.099193  -3.027789
3057  4.253407  -2.705619
4677  5.478184  -1.794453
4908  4.939069  -2.061579
4962  5.286962  -2.065537
11180  193.584757  70.125588
11185  195.155265  70.133190
6557  4.918630  -2.211901
6797  4.204771  -2.231696
60  109.737395  36.674953
25  333.150588  27.600233
32  332.305842  27.604455
52  332.335941  27.605266
43327  335.030023  34.500316
9800  5.454244  -2.535873
9994  4.344025  -1.600800
11890  4.510422  -1.771197
1404  338.498704  10.975415
12561  4.495675  -1.862093
12832  4.291988  -1.882075
17459  193.461457  69.604910
8980  281.499601  41.061327
15048  109.172662  37.305013
4618  332.382999  27.770860
20359  108.886857  37.524570
2712  25.229648  5.486395
11260  339.610124  11.574851
15906  282.059604  41.213289
25502  110.024189  37.836549
27360  110.225019  37.784225
15550  339.285109  11.983033
15584  339.284318  11.983045
15686  339.311932  11.969836
9084  192.968527  56.611380
18551  333.010679  28.258017
19497  332.665359  28.289579
24956  281.487191  41.410455
9098  217.281864  52.455958
15134  192.771174  56.882598
17503  25.878364  6.223680
1792  33.437773  4.102206
10996  34.129750  5.250327
1  145.788769  39.460427
1570  254.253193  22.796879
5058  208.150063  45.413344
10355  117.190886  69.278064
12714  119.032574  69.414041
54245  282.325157  42.044140
12663  208.075118  46.302526
14650  146.072977  40.504249
19936  116.411559  70.121827
18968  254.790418  23.438579
63086  281.649290  42.217383
8502  39.036591  5.360230
9362  333.434973  12.758540
9463  333.437057  12.756702
8424  28.272326  5.912316
10160  333.436206  12.755674
32230  254.504822  24.103012
1347  137.534620  52.131335
22002  333.648142  13.610384
2678  138.273613  52.242073
12837  270.530606  37.213400
8479  4.204238  -0.919897
25587  333.959245  13.421247
12401  3.178026  -0.413618
18298  270.184627  37.427391
19626  269.801843  37.478663
6151  139.136607  39.866100
24460  271.372645  37.672428
63  36.304968  27.606734
14747  214.258531  56.873327
27922  269.939045  37.798672
31219  271.364387  38.065002
31393  269.806542  38.022940
1991  149.892845  68.872703
3740  36.051179  27.836524
11847  138.763258  40.747624
2350  147.615412  68.893543
38155  281.660191  35.973533
12805  137.521859  40.687453
13687  138.901247  40.621378
20792  212.657805  57.547799
1  231.308796  36.675624
3  231.543040  36.673777
22825  213.193106  57.448021
23065  214.208599  57.443117
10430  236.901138  45.741503
2440  230.911372  36.859970
2594  230.022302  36.867842
10690  36.661195  28.248274
35653  341.839926  34.284500
26404  212.731913  57.231579
17712  235.932831  45.892813
13032  229.988954  37.859515
61774  281.227332  36.399852
61919  281.227179  36.401258
16340  36.182373  28.497613
1663  0.006714  1.247156
17594  230.390920  37.492353
19719  147.254063  69.517360
1419  225.090022  52.095750
77510  281.446158  36.647285
10067  225.313417  52.598803
4420  335.928277  12.542501
28726  31.961727  23.355698
28967  32.599068  23.003651
11  109.492654  24.145041
25  108.777686  24.147836
48  108.342758  24.149328
85  108.303766  24.149782
277  109.473174  24.155342
19945  335.823901  13.716451
22770  335.791616  13.539985
5716  237.375402  45.447555
14368  108.630496  24.667607
8543  238.367340  45.641038
19992  153.043362  40.888413
245  203.784317  56.183038
20697  153.137911  40.831794
11826  237.561958  46.325043
9851  121.845498  31.544924
10415  121.856556  31.529218
1887  227.819996  56.263607
5798  229.526511  56.472479
5864  229.078395  56.478122
12140  268.622752  41.298076
15673  122.267068  32.156587
6218  203.688951  56.472460
8407  203.915228  56.573820
18964  236.975446  45.811925
6687  34.677738  28.006080
19908  132.399462  71.510389
12474  229.874532  56.794326
12576  229.194152  56.803582
13543  228.832262  56.844960
21466  130.400536  71.429303
10389  35.075033  28.164566
10571  35.073371  28.164492
15137  204.170227  56.873105
17604  229.500942  57.035522
19207  204.361847  57.069970
29  21.607348  28.998260
689  21.749473  29.045991
19196  34.753045  28.501877
1495  21.715716  29.098071
28695  268.798312  41.931903
29469  269.939910  41.898431
3807  21.289923  29.257388
30770  270.106178  42.278095
5571  7.737702  0.205529
39642  108.750548  25.572988
28544  204.367099  57.175663
8778  21.059302  29.584032
8987  21.064190  29.599345
9096  22.153349  29.609164
9126  22.502277  29.609684
10161  21.859506  29.681306
10165  21.258460  29.680976
3225  26.998962  33.327089
16652  21.712299  29.978243
17136  22.137275  29.953196
5819  27.294934  33.448375
19810  22.427943  29.746715
13018  25.295986  11.659219
14488  25.452295  12.062254
9141  139.724163  40.041844
21449  26.113902  12.276174
861  140.478407  53.489573
22358  25.388351  12.189931
3682  141.756014  54.422516
4336  141.274309  54.344948
4683  140.541910  54.310464
5317  141.483757  54.243865
2187  122.059054  70.205092
5433  140.454039  54.228769
6378  142.383043  54.145759
6844  142.383281  54.099207
7138  142.297930  54.063304
24216  27.784178  34.387814
8494  141.973030  53.935203
8523  141.375070  53.934939
8934  142.068738  53.884232
9589  141.354390  53.802011
10408  142.252256  54.778581
10566  141.631355  54.771556
10852  142.288138  54.717949
27572  28.177835  34.211483
8093  122.639785  70.615311
12308  140.590897  54.579788
12543  142.399176  54.546890
9899  124.868737  70.708341
10650  122.848818  70.777713
12775  124.688700  71.346362
8782  1.593010  1.672821
8847  1.901732  1.676523
20081  122.809118  71.525589
2140  196.998312  56.291045
16217  212.798994  38.870378
1769  223.041632  35.388363
5365  196.454267  56.441676
9689  31.421843  14.306290
4484  280.834826  32.605666
24069  211.781649  39.295486
10612  197.047072  56.734668
6522  218.137758  52.416567
6018  334.406765  12.586303
8182  218.944210  52.427978
8333  218.592129  52.523311
11137  279.749282  32.741583
22672  336.751490  28.568827
9312  218.947223  52.428496
7621  335.514983  12.661626
18403  224.146919  36.196950
4533  258.251735  22.921013
25738  337.341271  28.776442
22859  222.575863  36.554284
3342  136.643282  39.703472
21921  281.044113  32.984339
17452  197.389273  57.168695
29051  337.402286  28.627718
29075  337.403844  28.625795
29327  337.401125  28.625920
14003  334.977929  12.891686
14210  334.981763  12.891235
8250  136.397484  40.037748
21159  218.969329  53.354069
30658  279.940781  33.178834
31570  280.125849  33.199294
12675  257.922214  23.200993
3337  278.864346  68.888597
3636  277.804929  68.899866
44617  280.637036  33.491021
18193  136.184581  40.295551
47140  280.900140  33.548575
33701  276.459604  42.162262
18544  258.121781  23.403239
50541  280.054128  33.621323
35955  277.582343  42.079028
52314  280.226112  33.662805
12444  351.595398  33.713324
11985  277.396619  69.354604
2370  10.652484  16.696967
4071  11.092651  16.873713
59213  280.053849  33.713078
4454  10.595031  16.911776
59917  279.819141  33.932009
60075  279.978707  33.932528
14347  281.445874  69.487071
24909  257.985921  23.642562
15823  281.231147  69.799958
7429  10.955833  17.169568
132  275.816854  35.289232
27833  258.530811  23.754278
8374  12.077004  17.070041
10061  11.509558  17.886246
29909  257.765338  24.190713
29929  257.766794  24.190412
21162  281.427201  70.055959
12066  12.036140  17.657169
26313  352.473736  34.332125
22937  279.672335  69.961864
14269  11.652465  17.473707
29843  352.367060  34.600951
30468  352.778486  34.533845
6111  11.302487  0.160228
30989  352.779731  34.534549
30996  352.779797  34.533191
36178  258.560571  23.850004
12  150.780996  39.464028
6022  212.300354  56.436775
20332  277.085230  35.727256
15757  11.420396  0.805030
16543  12.114781  0.763399
7953  151.329501  40.010831
14218  251.015520  52.738378
18287  210.547552  56.975292
19904  249.653034  53.423472
19945  250.238959  53.425075
19978  251.146871  53.419655
25364  210.474907  57.362046
18676  150.865750  40.290157
40905  276.434220  36.156352
42240  276.443625  36.161150
8013  278.990397  45.247081
42381  276.442888  36.161149
29  123.726396  71.492111
12791  30.963955  32.491134
13868  31.682044  32.542516
16889  332.004317  12.981407
17537  332.001786  12.978042
18442  332.005554  12.982043
19267  332.234004  13.097645
19306  332.234738  13.097489
10044  276.637402  38.305183
10301  278.061947  38.311902
2020  3.265929  1.300888
39  116.045840  24.148871
94  117.170219  24.144928
23694  276.917957  38.620427
22616  32.138595  33.107325
11432  198.956000  43.575125
27423  331.430939  13.381737
28401  332.296426  13.329057
28658  332.298065  13.329119
30047  332.103392  13.715952
31099  331.487842  13.659739
3250  146.425191  39.745835
15075  126.225099  72.595361
17254  199.780393  43.137123
4356  238.538302  52.232288
14054  116.415961  24.787725
15738  115.661689  24.861482
47869  276.840651  39.188607
33182  279.982621  45.918023
18247  3.934163  1.942953
6005  206.113782  56.479168
20250  116.638540  25.068285
12033  239.433056  52.666380
9533  206.775037  56.641897
23841  116.088598  25.403641
33286  276.991542  30.339039
24513  205.629655  57.371340
5  33.334661  38.741658
1273  182.345187  42.336100
37629  277.096568  30.421851
8751  183.476113  42.829185
14661  33.454619  39.225262
4219  331.330118  12.476840
15748  182.366705  43.280832
17832  33.011584  39.334598
8035  5.880194  0.411079
20307  32.448143  39.411330
9243  6.102146  0.311638
20388  182.360290  43.675920
11062  5.782695  1.069622
11253  6.159541  1.047201
14275  6.659500  0.738016
29562  32.802525  39.727506
19654  264.386912  70.958041
7970  38.316672  28.179143
32162  265.074027  71.246927
9650  37.457782  28.282729
5786  353.397232  33.491560
8832  354.251332  33.655217
8973  354.116486  33.663217
14288  38.943693  28.730179
11013  354.590255  33.764262
551  217.219754  56.194564
15091  38.622277  28.640380
4311  139.474203  23.135462
665  32.881700  -0.188723
12320  353.648511  33.827437
1563  215.647731  56.253824
3045  32.018710  -0.006406
3640  215.367599  56.360856
4645  32.492945  0.110094
1847  134.002881  35.388660
2691  133.676376  35.432077
10938  139.243654  24.102222
2903  185.915680  42.493169
15971  231.691903  53.013994
11464  139.106847  24.062397
11622  139.122346  24.052569
12461  138.911165  23.995100
12638  138.833505  23.972946
13215  138.733073  23.945019
13632  138.606482  23.905269
5331  186.730800  42.702286
14056  138.526592  23.874875
14298  138.488106  23.858814
15079  138.292874  23.800121
15195  138.260788  23.788827
7430  187.517598  42.855071
26811  353.640765  34.284069
14427  32.036547  0.860251
20355  215.685118  57.414083
21248  215.339126  57.493777
16895  185.997140  43.120635
13367  149.975203  40.676128
23305  215.260117  57.391453
15444  148.628823  40.555012
24987  132.491560  36.413095
62  274.372618  70.097870
2643  255.870841  24.244012
13035  338.092938  13.094356
11399  333.367008  29.340210
19  194.287017  54.772508
200  191.864584  54.780255
637  192.411130  54.816896
667  193.864094  54.816810
1432  5.837160  1.264071
4301  193.867201  55.039395
5117  194.304647  55.082835
5586  194.304084  55.104793
6730  6.634697  2.013985
6236  194.306768  55.145237
6971  194.308558  55.186657
7178  194.307572  55.199030
9348  194.313959  55.314860
10434  6.935510  2.531411
10150  193.180170  55.356892
19967  337.973474  13.713213
11414  6.129763  2.424494
10670  194.316247  55.378220
10796  194.319332  55.387377
11360  194.321194  55.417277
11674  194.319720  55.435155
11814  194.320665  55.440867
12306  191.933350  55.465535
12954  193.539775  55.505829
13427  194.324831  55.528732
13836  194.326740  55.554233
14085  194.103495  55.570036
15058  193.972631  55.622122
22249  333.501812  29.662806
15995  192.195959  55.674331
8550  181.254348  42.751646
17547  193.107509  55.739021
33889  272.247774  46.083435
22430  194.347831  56.071945
23152  192.689439  56.045476
23221  194.346956  56.040776
23404  194.346612  56.029523
23648  194.345915  56.018038
24990  194.343159  55.957676
20565  218.331251  57.065778
30101  274.665334  71.509816
15019  238.064840  53.088255
25827  194.341564  55.918695
22405  219.678247  57.463615
26999  193.861975  55.901468
39848  273.415597  46.456909
12721  36.043946  33.859782
60  280.251894  40.864608
15196  180.135358  43.490256
16659  181.178425  43.109480
52  268.753937  39.458991
7344  15.945243  1.581583
8340  15.946452  1.581441
20909  36.175291  34.540005
21122  35.448304  34.533252
1960  340.291852  12.400924
18094  16.275688  2.152690
22400  16.286950  2.422266
23520  16.274392  2.173967
4783  340.471975  12.557829
37379  256.681987  25.312186
26024  16.298242  2.220610
93  279.689825  51.999412
8250  340.592753  12.728806
46400  334.721975  30.224969
8554  340.592928  12.727883
8630  340.593611  12.725507
30790  268.595421  40.513940
9056  340.594186  12.727662
9292  340.522735  12.705289
3056  278.929377  52.095752
10010  340.520690  12.705628
755  136.438049  71.541123
2343  139.189504  71.649621
38298  267.527560  40.784019
6706  139.796041  71.941180
19  207.233199  42.249158
5182  221.460406  56.435675
1166  207.634233  42.328339
10603  140.065034  72.192218
32411  279.642476  41.874036
8390  220.689253  56.585094
33219  279.642596  41.898420
13225  137.656002  72.701652
17829  278.921715  52.606987
20181  278.921235  52.684849
37787  281.339375  42.035095
16564  138.225233  72.493071
23142  278.921386  52.783285
23218  278.921346  52.786260
23259  278.921350  52.784786
9903  207.102415  42.874437
27267  278.920262  52.911567
10838  207.906855  42.931942
190  238.821088  45.039840
13052  206.608942  43.455921
15975  206.472398  43.264089
16246  208.049888  43.249541
14310  34.428109  33.904035
18360  207.398785  43.110055
15798  33.189943  33.976461
12765  158.927689  40.229632
25822  222.551725  57.314904
16111  34.099879  33.932815
16353  34.101738  33.932812
19819  207.951574  43.018690
26985  222.219131  57.238473
18771  158.071674  40.364213
27676  33.289995  34.599619
9518  248.090377  40.898779
9923  284.705345  70.482294
82  216.114551  42.252651
64  284.947043  35.286557
1557  284.306900  35.319376
5410  284.303724  35.393496
1981  164.906782  39.605450
20256  342.843585  13.701680
9932  240.572245  56.605628
13617  284.282247  35.556266
17147  285.507057  35.621732
1254  214.547053  52.052511
25137  284.960214  35.784533
15013  215.885623  43.082260
9717  166.297760  40.095826
8596  253.658745  39.830693
12919  253.516978  40.016654
33667  284.104814  35.962828
35274  284.716965  35.994138
42813  284.882290  36.146150
19310  165.332720  40.308620
24498  252.908754  40.677060
30264  242.230397  57.565906
46237  284.998095  36.217529
46586  284.255366  36.224806
48017  285.087015  36.254483
30067  252.719564  40.893962
49744  285.150116  36.289493
26727  349.939561  34.278416
54575  285.041429  36.387377
55546  285.264084  36.411808
25888  244.273658  53.136914
56850  283.947984  36.437110
27735  242.763839  53.040066
59177  284.807569  36.490892
59728  284.712448  36.715540
65829  285.439981  36.577331
69189  285.324552  36.505861
3457  13.958125  1.416135
2755  268.734089  70.208131
11732  15.212352  2.443357
12865  15.040891  2.371604
1804  171.152254  39.686091
1  213.860224  42.242500
1621  359.453623  29.083803
3194  359.621074  29.165019
10448  171.232954  40.836013
1065  225.866569  56.221927
5873  282.836917  35.390432
4777  150.182854  31.372061
13435  182.335289  67.086603
6454  148.979432  31.460783
33548  268.829718  71.358081
14782  181.911079  66.993087
4595  230.161717  52.306317
13398  226.232249  56.823712
16809  180.973202  66.841223
8095  36.504279  33.551802
14278  226.613390  56.865469
11444  149.284849  31.732618
14308  277.427622  45.433890
16857  225.069301  56.987684
48  10.346162  1.152272
13808  150.320823  31.853001
11  168.949910  39.462635
28922  359.360807  29.998189
3331  10.421185  1.472793
4370  9.969804  1.562116
25668  226.239138  57.310991
18637  230.654452  52.849423
10636  10.498812  2.512736
34641  282.142353  35.886839
13008  10.481761  2.293074
46129  282.252006  36.096262
19983  168.038448  40.882981
22  106.264080  21.362542
49083  277.641914  46.187988
10  17.885627  1.149599
1182  17.418021  1.241499
17917  105.395980  21.948287
65089  283.906585  36.431876
21544  105.256097  22.070714
25496  105.072957  22.198865
26811  104.998793  22.237556
204  236.405225  56.178412
28966  105.202937  22.313295
10003  17.636960  2.447837
4229  239.097172  50.909922
31832  104.999141  22.402985
5008  240.591109  50.968298
11480  17.002402  2.053004
10722  127.199636  72.194759
10869  126.950552  72.205962
11891  17.416141  2.395768
35915  105.170769  22.591237
14212  17.504001  2.213280
8379  234.080392  52.456705
6557  235.680453  56.463617
2455  153.536151  25.706290
15125  131.537617  72.573942
39967  106.523072  22.779012
39990  106.316002  22.783701
13822  238.651188  51.724802
12798  234.526953  52.721876
9669  153.852774  26.152324
21391  131.485823  72.815601
2521  156.079467  39.650533
768  1.320492  36.006889
23389  233.734514  53.207958
23686  233.993407  53.194672
31204  330.521426  29.746625
23449  235.361899  57.436474
38245  330.708204  29.686285
8975  9.562294  1.833627
2967  188.878825  42.502246
503  279.628758  70.119731
11865  187.978298  43.511132
14037  188.663544  43.344974
17307  188.436448  43.089120
13364  280.219652  70.703604
1826  257.965738  24.231966
1594  283.146312  52.041539
19576  276.657231  70.962543
20372  279.189383  70.984770
9007  258.110554  24.526077
21398  278.952072  71.414747
23144  278.947476  71.413749
12763  257.698790  24.675717
8241  283.171998  52.238933
11084  281.799166  52.322158
28008  277.382530  71.129342
14987  283.511346  52.437373
30671  274.164858  30.315411
9577  159.400716  39.978113
10126  159.032824  39.998152
10160  159.032542  39.999223
1217  38.095174  34.623387
16647  159.029882  40.530560
3161  222.934820  56.315721
11314  38.873490  35.074056
17305  108.207080  30.217734
19587  108.206163  30.286142
24957  159.029669  40.582349
49900  280.475437  46.463446
24841  108.857592  30.449572
11131  222.479948  56.669795
60835  274.750301  30.910082
15248  223.499059  56.868865
32294  108.375632  30.675210
16241  223.680503  56.912352
29928  37.581112  35.991953
1404  273.629259  71.565804
7676  274.456066  71.911543
4516  125.650074  36.982317
6465  124.074305  37.098998
809  172.233905  39.509898
13363  124.309214  37.899416
3045  172.255771  39.630889
20886  273.717985  72.822068
21310  273.056257  72.807729
11176  173.437223  40.021631
6629  179.765222  35.695069
9551  336.263154  29.357937
16915  335.908967  29.623011
19469  179.826778  36.062805
19643  178.827238  36.713464
26514  335.594030  29.981796
30  239.232612  56.168328
6029  14.175593  36.272538
28669  336.074658  30.106382
3010  260.780835  31.253221
6314  260.220419  31.397059
7524  259.336988  31.447002
13058  238.702465  43.442369
13881  239.606963  56.724946
15127  239.720033  56.777078
8868  284.243356  52.244742
19437  239.137717  56.954704
162  108.584201  72.897177
97  205.751247  31.118449
1776  205.867525  31.269815
13262  120.807630  37.427549
4804  206.198149  31.532324
30419  238.909730  57.563437
4  261.858016  25.537841
95  260.951051  25.544789
456  260.927841  25.546003
10439  206.564516  32.494491
2352  260.622323  25.618617
12598  205.728022  32.280610
13334  207.043168  32.206959
13567  206.556058  32.167478
14130  207.358652  32.116619
14353  261.922282  26.037876
39583  284.770292  53.085039
4198  251.757587  39.672722
15588  260.679879  26.077043
19163  262.206724  26.201711
50870  284.766161  53.083975
10017  235.346205  42.942969
32148  260.936188  26.636480
5439  267.906873  35.544652
14968  234.969471  43.314124
34576  261.878318  26.818546
37150  261.313323  26.729397
37240  261.930816  26.725905
27682  250.887293  40.485583
14919  267.668152  35.989706
19233  266.820340  36.191603
15492  205.695549  33.444800
1  271.633109  71.469121
8343  337.861651  29.338769
14808  36.579559  35.342467
1625  133.149423  36.773347
27053  266.820678  36.370396
13752  337.667675  29.553014
8674  267.179073  72.004141
9437  270.857389  72.055603
12604  234.674876  42.984838
25568  337.729256  30.003115
25920  336.839078  30.016605
26475  337.101702  30.295747
60  228.594329  46.430799
29916  337.125715  30.422756
5956  211.797459  36.173367
6497  210.621461  36.111161
8608  210.788171  35.936187
594  242.164169  39.491909
11718  211.730743  36.563045
11723  211.732001  36.562222
15044  237.505757  43.200838
24622  233.506556  57.366014
26396  234.111633  57.265044
318  274.930831  29.727785
19039  242.191495  40.665629
142  161.887366  24.149296
176  162.312252  24.148389
87  39.412658  34.566733
675  39.333477  34.593684
2167  161.404848  24.314671
6662  162.657698  24.646120
5829  39.357674  34.804663
444  232.093562  42.273403
493  232.122583  42.276868
10121  255.155144  72.030210
4487  137.348219  37.122392
5450  232.541602  42.562333
4536  137.466202  37.121459
5171  137.256530  37.591275
8345  136.714060  37.307908
9057  137.430790  37.245604
11370  136.607331  37.971020
27348  274.799378  30.212334
13971  136.388690  37.705207
14201  136.468823  37.706431
1105  244.885360  56.210868
4014  244.522697  56.326174
50201  274.694013  30.600917
3877  224.083095  46.755567
549  152.495333  38.115890
1621  152.083132  38.216056
14903  242.859209  56.759300
14946  245.011539  56.756291
8992  224.081136  47.851158
9020  226.086068  47.166925
5781  151.890803  38.539988
5298  256.001929  25.712529
19863  244.137921  56.953704
9896  151.606395  39.498079
6408  214.315275  39.890469
10978  257.491360  25.894494
8710  214.786064  40.026383
11743  214.902975  40.235212
24682  256.101224  26.330459
17617  214.344626  40.402117
17845  214.218855  40.371983
18080  214.220397  40.371615
8873  155.441514  31.650156
20844  214.627480  40.845269
3217  123.842911  36.884517
18129  219.349508  72.347265
11844  155.856708  32.334982
7677  124.062967  37.140298
10541  124.127436  37.293910
2687  261.502704  38.218835
2588  223.679403  42.382256
17  7.596778  35.957901
16354  261.036330  38.930373
23926  223.343248  43.466661
10708  6.870022  36.517606
27  278.924511  56.172645
14835  258.480253  72.200512
21489  274.350237  40.030899
22044  274.350274  40.028820
600  278.915797  56.172223
20809  284.118487  45.526239
18944  260.173817  72.303082
19429  218.047048  47.196952
20785  262.281559  72.847604
20770  217.082411  47.796846
16558  214.591417  54.040117
26636  263.095887  72.557989
20795  132.274371  38.032155
21151  131.152615  38.020659
22559  131.873346  37.952432
1106  144.654756  27.006971
22536  277.760642  57.081889
5766  144.054320  27.292790
30023  278.662349  57.566934
10434  109.516980  46.990418
5064  119.617699  31.344202
32882  277.379007  57.451087
11224  280.016623  38.388392
24772  222.147572  43.400689
20176  110.035791  47.856558
14319  280.868658  38.480707
24525  111.004852  47.585447
15851  144.100064  27.971106
20465  145.419798  28.352460
18091  280.177551  38.590594
21093  279.982169  38.675250
4  123.919434  31.105191
12904  338.629320  29.482702
19202  284.331239  72.304950
24988  280.284187  38.782084
1257  268.896498  39.481394
15115  264.506296  37.144280
26311  280.285331  38.828318
7559  140.059940  53.882928
20  271.410234  46.426494
30262  280.835332  72.914905
27685  279.856514  38.861398
11278  138.884697  54.114319
3878  271.552474  46.584121
6252  39.097864  33.506685
6341  38.324481  33.498098
12119  271.835102  46.932400
2108  175.413908  28.477789
8987  38.510919  33.644120
17908  270.467232  47.164310
22595  264.570406  37.368962
23794  269.487007  40.234008
13875  283.418061  56.538346
33394  279.855840  39.021134
25126  269.445750  40.280861
11401  39.098222  33.773831
21974  228.256495  43.559039
30069  270.711848  47.855095
21205  284.592905  56.725914
9  123.732229  31.105677
49  123.108671  31.108995
69  123.110780  31.108455
1866  124.441839  31.222470
35287  265.758828  37.737058
20825  39.769911  34.567035
47204  280.212230  39.281471
48852  280.795224  39.246557
15639  210.663680  54.484683
16165  210.599956  54.455061
16191  211.396708  54.461877
16333  210.582710  54.387284
25336  39.184517  34.291115
25360  39.184553  34.291397
35585  338.292855  30.225708
37539  338.409361  30.161227
11850  140.958125  72.213315
47  236.851645  50.604985
17521  274.963871  42.697174
9  193.534914  26.932488
23  192.953302  26.935032
26  193.159026  26.935245
31  192.762940  26.935264
6466  263.540379  39.673872
4019  192.326142  27.234577
16153  262.302222  39.989902
28401  275.906139  42.966750
9063  237.741719  51.254839
18526  262.589370  40.070441
20772  261.976003  40.144328
10900  185.667904  47.456975
10800  192.568022  27.661294
40406  262.770287  40.873276
17385  184.709937  47.232442
22  111.992856  39.460466
8275  276.264963  71.930664
8931  276.372599  71.967386
1026  18.482728  29.056130
1309  19.154660  29.069886
18000  192.485241  27.789493
18709  257.730431  56.967914
7993  17.687076  29.364398
18234  278.970525  72.380362
66  268.548081  36.680664
11136  19.133061  29.565156
20630  278.985006  72.380297
50153  274.866801  43.678581
14266  19.032322  29.708074
24156  275.901145  72.660300
7509  267.968143  36.921304
20165  17.852273  29.970642
23434  18.533146  30.025270
19782  33.760001  35.498559
2159  229.290414  53.520884
4893  229.216867  53.699530
28437  18.534824  30.025324
39898  278.862596  47.856081
40164  279.594509  47.854193
1853  338.536884  12.422295
3296  339.359955  12.529618
16802  269.219688  37.195540
17501  268.762491  37.215695
6501  339.221419  12.746582
6360  265.439896  56.436229
5071  115.324428  29.986330
19497  338.687376  13.054719
73  333.703579  30.395777
20244  339.275478  13.694959
4998  0.060784  34.799311
7428  258.121500  39.747547
3684  134.759916  41.133412
9279  0.000102  34.987630
19806  114.739957  31.136890
5556  136.284394  41.278245
5577  135.617273  41.282195
5725  135.838490  41.290991
20695  333.918498  31.032220
5998  134.984028  41.314563
21255  333.933131  31.033283
10537  283.513692  53.693903
9933  258.859316  39.847019
13287  134.511624  41.881550
28730  333.926367  31.337233
3  128.834157  31.105069
29643  359.999361  35.990553
37539  282.539333  54.447884
17775  129.412584  31.905687
13290  202.432357  47.665620
2737  218.564058  49.373685
18592  108.484886  58.535838
5605  219.182806  49.548819
6148  218.763998  49.589052
21381  108.535795  58.919859
8797  219.075817  49.762346
20636  202.733601  47.357965
182  130.012786  31.118313
3877  130.160955  31.317910
16561  112.536383  30.567447
17542  111.396479  30.616245
13918  13.769821  39.479964
22331  129.812206  32.121811
25645  111.396366  30.852917
80  134.630595  36.683503
9175  34.762032  29.497406
27396  130.490444  32.151292
1237  242.595043  52.099838
5770  241.737446  52.482138
9915  241.356144  53.424736
24204  34.963087  30.177258
10114  261.140494  57.609155
13904  261.344572  57.269926
14929  260.647797  57.187005
17986  135.550987  37.597045
9100  280.296576  50.867774
8631  257.537476  39.946452
12267  257.461118  40.138345
13568  256.592186  40.207915
13990  257.312550  40.235348
798  139.426786  31.200106
18792  256.999133  40.396822
19666  258.014434  40.882212
1244  120.009374  29.754691
1541  22.254718  2.677000
20083  234.218347  54.815583
40642  281.745564  51.886796
10564  120.892442  30.062616
1651  38.218514  29.100302
8987  262.966496  56.598342
4722  11.606262  37.577706
4896  12.248455  37.584159
20546  119.962884  30.391641
22711  120.704993  30.385328
24204  120.646621  30.509336
3047  183.564180  36.898649
25060  120.950308  30.533232
17401  10.491106  38.126894
9288  184.377546  37.821432
9986  183.196675  38.108670
37729  120.677826  30.906343
13366  184.614970  37.832795
2098  127.270433  31.234354
39882  120.819438  31.129068
41179  120.380441  31.093360
43779  120.157827  31.085742
3216  30.080539  4.285174
4788  30.577566  4.820343
8764  29.808632  4.377254
10507  29.830666  5.303263
11276  29.981540  5.221941
3697  260.149817  39.616714
30576  271.359238  43.294610
8757  260.421608  39.805142
8287  238.208513  53.865935
14227  238.464550  54.179026
100  252.967851  36.682718
1474  30.909870  4.090229
28315  260.165304  40.544534
1695  201.437429  57.667206
30678  260.878670  40.842803
17851  232.267192  47.225113
17710  332.847058  30.835173
10807  31.097438  5.295984
18835  233.204327  47.169701
6263  203.213154  57.973428
6649  203.038474  58.000533
7304  203.234918  58.046252
14375  31.947087  4.968687
16397  253.723822  37.422120
20328  201.356086  58.960864
20  155.016187  38.073856
2632  155.476327  38.343644
20952  39.142128  37.381907
3712  155.426130  38.442515
50705  331.959649  31.789429
10288  156.103145  39.461217
11148  156.181184  39.379090
11374  154.640678  39.354442
3957  338.406857  9.826334
5318  337.895790  9.928086
11862  185.623588  56.045767
5841  338.251430  9.970270
7272  337.949867  10.081802
8221  337.641831  10.139618
16230  184.812892  55.681262
10382  337.643583  10.139854
10434  337.637072  10.126061
7639  280.730124  53.651160
13957  275.234000  46.905634
14938  275.240921  46.920183
15510  274.469817  46.950436
16020  275.232642  46.904463
7  150.876218  57.566718
7262  241.995765  42.691025
9788  241.769068  42.821547
82  265.835286  39.467820
19723  149.445973  58.993245
21295  149.571032  58.919421
7395  37.026390  36.326646
7479  36.100301  36.326940
39849  275.023858  47.855096
39902  275.831487  47.851711
7783  3.541457  37.743362
9624  1.936464  37.833271
36557  281.683608  54.727557
13314  1.748629  38.004920
29803  36.486922  37.385799
29835  36.631338  37.383869
30006  36.886042  37.385608
40519  282.343818  54.781957
40557  282.345209  54.782422
2832  166.528394  57.735234
4380  166.082413  57.828597
6216  166.356866  57.941682
2704  330.783603  30.458532
9319  166.993065  58.132050
19706  165.241018  58.412000
30545  266.526854  40.377880
33660  265.991541  40.471616
37493  267.171466  40.670661
17749  244.964716  42.892132
32205  214.803347  55.499909
39753  265.737823  40.894941
40768  266.129325  40.893025
40057  330.912759  31.260085
43200  330.930369  31.336983
37111  214.205184  55.612147
18847  272.383224  64.046268
882  163.609444  57.613659
46605  267.170226  40.670493
42  21.878072  38.741770
21200  271.898654  64.562591
22197  271.548258  64.415938
18075  22.465118  39.519249
9404  234.228921  46.970995
37593  245.694417  43.350141
14048  235.866962  47.245664
14923  162.572939  58.676817
15034  164.022156  58.664181
15063  164.031058  58.661628
15074  164.019616  58.664376
15538  237.630156  54.092804
15700  162.477378  58.635030
22011  234.709258  47.730848
22258  236.096912  47.711132
19110  235.815080  54.257316
23513  236.081956  47.640361
22231  164.761909  58.846185
3283  275.881731  73.092362
11007  279.877971  73.582865
30972  237.821554  54.748172
14792  278.096664  73.996462
4299  270.156888  42.410862
22945  269.059968  43.091374
23425  272.115339  40.083645
24195  269.245670  43.135942
28138  271.752769  40.210956
36717  268.502330  43.398643
15246  236.824860  47.556370
36414  272.118799  40.434589
137  334.982505  30.398036
36  228.692054  36.679336
7192  228.232764  37.081175
12438  228.715481  37.358259
12797  229.516904  37.375640
13296  228.298437  37.397154
35619  335.919179  31.489567
39721  335.425254  31.822671
41113  335.670439  31.782718
3992  240.343254  46.649773
11686  240.655909  47.066430
13640  240.308062  47.162155
14519  240.539466  47.205220
18873  240.759951  47.383512
19326  241.754868  47.846723
21609  242.268627  47.740257
2971  266.181283  42.347375
4970  283.518643  47.951764
32  263.619617  36.679578
1733  2.753325  38.836175
2165  2.056755  38.856531
9521  285.224575  48.067923
13328  283.444803  48.172424
11969  263.286866  37.114455
24836  283.098254  48.474627
24955  284.827595  48.465614
20644  263.788981  37.433529
23112  2.576046  40.000188
37524  265.997299  43.377889
34088  283.113953  48.719268
49803  284.044648  49.246673
14755  36.401485  29.824791
18737  36.379137  29.881771
20897  36.379679  29.880194
28367  40.417161  45.169275
37745  39.956129  45.618799
6604  282.332388  36.802129
9181  243.085541  46.844821
43282  39.960365  45.629421
11169  282.601615  36.889655
43520  39.966978  45.613859
43612  39.954378  45.619041
12564  242.974197  47.050627
4260  337.569567  30.561879
20711  283.139916  37.067761
11895  336.582559  30.877006
28642  282.093232  37.206500
16884  337.152368  31.084861
32508  282.320029  37.279424
33175  266.998266  43.319339
2197  141.889549  50.779176
40775  282.227785  37.433114
8307  141.191721  51.238959
45492  282.237760  37.522185
46477  282.955956  37.540352
50150  282.575444  37.607396
14888  142.080882  51.716110
17812  141.479518  51.477027
19879  141.200946  52.030168
57512  282.639631  37.745481
69727  282.838338  38.105603
70102  283.101161  38.102985
70161  283.277808  38.100550
13829  266.397599  71.970651
1976  330.797185  31.835789
17851  263.112530  72.310641
26887  277.955429  47.147501
26506  264.071296  72.575823
36012  278.042970  47.400461
36112  278.043441  47.400088
37498  276.738427  47.501608
40186  278.495999  47.838260
26612  330.001310  32.528752
32500  330.339080  32.693117
48367  36.026221  45.469092
41734  331.144232  32.942968
42230  330.373961  33.142754
44625  330.002420  33.069853
11740  275.252105  36.959255
12946  276.481450  36.985699
149  33.337299  44.313196
10543  282.804172  46.694144
6744  33.036872  44.508739
10299  34.838725  44.616844
12428  242.240908  42.736557
21690  34.774506  44.955220
8463  34.648063  30.853126
51453  276.571219  38.058351
33241  242.365298  43.517396
42106  34.576258  45.671763
47962  282.977887  47.635678
9832  349.917341  30.830197
15468  285.381129  42.505813
20844  284.331106  42.600874
40686  283.987145  42.927930
7358  21.828600  40.439136
45382  284.435421  43.006231
15547  278.998452  37.002903
9339  211.232717  48.487356
20939  23.482666  41.034870
23006  21.943366  41.124918
12363  212.343655  49.034826
59432  284.305423  43.232764
13934  211.446551  48.936281
62484  284.460238  43.283017
63554  285.048849  43.296327
70672  283.599841  43.416581
71283  283.464962  43.425622
78356  284.339648  43.521126
83843  283.687368  43.594736
85720  283.455629  43.562509
18167  36.960025  31.384888
18195  36.961832  31.384884
22486  37.191521  31.680341
23727  36.426595  31.622953
24457  36.250707  31.577794
12597  230.028348  48.533733
24592  229.607894  48.964517
12841  36.916875  44.661982
23526  37.542945  44.864764
34202  38.098856  45.253366
36306  38.099490  45.250851
36450  38.097912  45.250920
50272  38.668876  45.722391
9  285.062485  36.675325
5557  284.065898  36.764453
18301  283.723862  36.960236
21065  285.273196  37.003148
32686  283.707812  37.176784
38522  284.491642  37.263672
44306  285.292606  37.349931
59446  284.476967  37.582531
60862  284.905797  37.603274
61318  283.698037  37.607355
62236  284.868184  37.620921
2154  32.546282  44.385473
2810  31.085562  44.401933
63909  285.214169  37.647531
64194  283.573813  37.639695
67808  284.021970  37.704784
72492  284.749835  37.776654
73975  284.836965  37.795478
81345  283.631747  37.910076
22527  31.076898  45.043592
86372  285.314447  37.997674
87735  283.922602  37.976043
90852  284.043035  38.083791
29848  31.074963  45.276845
33658  31.074209  45.395991
36224  31.073669  45.534632
15008  271.675543  37.081242
57458  281.308125  37.786902
57584  281.036490  37.787388
57925  281.388457  37.795310
60006  280.220806  37.833406
61878  281.680843  37.872365
62966  281.607533  37.893591
13860  277.350362  36.983956
24335  276.891147  37.216590
31325  278.164724  37.373454
140  273.585884  36.682286
11014  274.942655  36.925968
42736  274.456252  37.599344
44127  274.454342  37.601623
44432  274.454808  37.601700
53242  274.465392  38.019108
56055  274.170273  37.956798
1134  105.186508  38.110336
6046  106.717198  38.287045
9360  105.142412  38.403454
10669  106.726719  38.450231
1139  108.837057  38.119706
15553  109.411499  38.707780
15940  109.412188  38.707602
22414  109.644983  39.366734
22500  109.628260  39.365859
22941  109.630301  39.365712
24490  109.532802  39.274235
24551  109.530891  39.274557
13879  129.170198  38.828921
5494  119.889681  38.389735
19846  119.766236  38.985612
162  126.201617  38.076123
1041  127.126168  38.139372
8494  127.419239  38.546932
12735  126.815455  38.777090
15232  127.062563  38.921910
15797  127.161338  39.397743
18943  127.489667  39.006616
23009  126.422820  39.335881
24494  126.187224  39.249428
24587  126.187916  39.250433
20  37.197412  42.919899
108  231.973995  47.825025
35  21.317296  1.152765
366  116.816912  38.101035
847  21.666077  1.221267
1080  0.312663  6.805353
7300  107.840322  76.259908
8077  110.899791  76.294672
8177  263.841450  73.339759
4460  232.264099  53.727284
5382  161.558085  59.313470
9378  110.915361  76.361067
9609  110.423690  77.088039
5913  332.212620  15.313877
9556  169.243849  28.949234
9838  168.798345  28.926946
10153  168.429938  29.739015
7471  142.829460  22.173485
11735  36.456683  43.324075
12233  168.169123  29.556528
13696  116.383666  38.766359
8407  21.135840  1.892917
14694  231.834468  48.877247
9979  0.186594  8.147589
14199  255.386052  40.007442
9622  160.779945  59.585878
11259  230.910388  54.702682
13525  36.994148  43.319712
12620  0.354048  7.902353
11773  21.319450  2.425620
12347  21.886905  2.384891
18751  117.003497  39.317999
15079  231.557916  54.444725
13072  159.025839  60.381384
15789  232.904212  54.399261
20753  117.135504  39.467742
11187  133.037086  31.842946
19950  262.648268  74.311065
16635  143.134347  22.242248
12441  133.283274  32.377263
24354  116.070983  39.282435
26514  254.698417  40.625165
20272  159.827526  60.363774
27362  37.156362  43.834031
18278  133.713000  31.970109
18347  134.284716  32.428077
30579  282.457469  42.928354
18635  133.422106  31.948117
29211  341.748880  31.304765
32292  255.902435  40.799486
31927  37.712100  43.977611
36015  37.456150  44.156129
38952  36.322414  44.055642
39763  37.594791  44.341236
13  198.582192  75.663762
14  198.577927  75.663831
5694  193.883379  27.346093
9850  193.885736  28.359938
8309  30.780020  6.752303
9379  194.259160  22.051810
9901  193.482045  22.014642
17554  235.348844  48.820213
11496  193.301449  22.674219
17509  31.305425  6.102573
14375  3.686679  3.560997
16347  243.033459  54.182501
19751  243.701421  54.325413
20371  244.799484  54.803462
8698  283.656030  59.232459
13799  247.465509  73.667865
19836  283.020294  59.573983
2283  211.476045  52.130804
28743  285.134196  59.777452
477  125.227742  31.133809
34338  285.428922  60.019533
3738  29.418484  5.614512
7692  125.325934  31.538316
8203  125.860159  31.561388
4668  30.319002  5.687465
39715  284.104938  60.080826
40385  285.652256  60.372715
14299  212.164989  53.135675
15925  212.057600  53.027200
10173  117.845462  28.851096
11976  29.676069  6.578113
14330  28.671136  2.150154
19265  125.800281  32.060840
20313  337.462594  15.090222
7327  38.210209  43.174834
26237  118.102701  29.388979
4696  339.264002  30.563137
546  268.977412  72.920504
7926  267.883910  73.380382
2842  129.120994  55.005794
2870  129.120722  55.008630
24634  338.057306  31.264410
10727  266.609580  73.560733
25757  338.471993  31.300739
39890  281.719459  47.378347
28878  338.314709  31.410030
14939  268.306485  73.966076
30667  338.920993  31.811609
37877  39.358748  44.045273
38094  39.357948  44.045278
38556  39.385171  44.061687
38831  39.387287  44.061681
58859  283.121157  40.694797
39436  39.396465  44.065731
20023  267.998349  74.306059
35613  339.292328  31.597156
8396  129.727416  38.650392
16505  129.100695  55.720377
16546  129.101035  55.721010
16884  130.578814  55.689928
39211  338.933048  31.468761
39219  338.934993  31.468594
39852  339.303389  31.808149
105  109.314188  43.647094
19430  22.731269  1.891655
15  334.320622  15.068570
9389  110.314700  44.058695
13058  110.725664  44.207973
33838  281.670390  33.094787
11087  334.342686  15.632092
